0 0.276906 0.584674 0.047594 0.046403
0 0.329879 0.543049 0.042992 0.058681
0 0.499609 0.484500 0.049266 0.051778
0 0.537520 0.434618 0.041977 0.038847
0 0.444562 0.463556 0.038547 0.040361
0 0.472621 0.427000 0.047555 0.049500
0 0.341969 0.495153 0.044125 0.045694
0 0.345180 0.463937 0.041125 0.030458
0 0.390887 0.437708 0.034180 0.040361
0 0.378461 0.410083 0.026531 0.030167
0 0.314523 0.416250 0.032031 0.032306
0 0.237437 0.522687 0.039984 0.050681
0 0.203375 0.476278 0.036281 0.050028
0 0.240957 0.468382 0.034430 0.035542
0 0.596523 0.529813 0.038641 0.048931
0 0.397578 0.657521 0.069687 0.137236
0 0.929129 0.608486 0.083602 0.075306
0 0.676910 0.580743 0.062211 0.066819
0 0.522504 0.693181 0.066523 0.116250
0 0.682719 0.721694 0.086203 0.128083
0 0.811191 0.676153 0.085023 0.082917
0 0.610254 0.474090 0.050336 0.051625
0 0.283730 0.988889 0.086805 0.022222
0 0.170242 0.389729 0.018141 0.028292
0 0.190605 0.396639 0.019617 0.021056
0 0.234477 0.399604 0.029625 0.033569
0 0.263910 0.410139 0.028508 0.032250
0 0.214113 0.435806 0.034805 0.042778
0 0.263910 0.446667 0.043320 0.040806
0 0.282738 0.782111 0.078508 0.169556
0 0.663152 0.476292 0.043758 0.030861
0 0.447281 0.573403 0.053781 0.065833
0 0.979398 0.580125 0.041125 0.071694
0 0.936516 0.692208 0.085641 0.076556
0 0.895949 0.962799 0.158258 0.074403
0 0.681234 0.962472 0.115469 0.075056
0 0.546375 0.579215 0.073703 0.106458
0 0.283816 0.635181 0.047602 0.070972
