0 0.275813 0.707993 0.062688 0.101264
0 0.191965 0.397014 0.019602 0.022222
0 0.239027 0.408535 0.025773 0.027708
0 0.264953 0.408813 0.026391 0.028264
0 0.596039 0.462611 0.035953 0.055556
0 0.317547 0.404840 0.025438 0.020653
0 0.428309 0.435819 0.038992 0.044250
0 0.396918 0.449083 0.033742 0.034417
0 0.307180 0.468507 0.039547 0.046708
0 0.272902 0.489146 0.041289 0.042819
0 0.238742 0.531576 0.038422 0.048931
0 0.378094 0.618236 0.060219 0.101944
0 0.479020 0.611604 0.062508 0.090736
0 0.966187 0.706653 0.064375 0.065278
0 0.554672 0.465312 0.058219 0.051708
0 0.326355 0.423229 0.034852 0.023125
0 0.608117 0.889674 0.110719 0.182292
0 0.271941 0.832722 0.080508 0.161889
0 0.686523 0.742688 0.090188 0.116347
0 0.497332 0.481389 0.042758 0.038750
0 0.462691 0.949444 0.114289 0.095083
0 0.762918 0.409319 0.037430 0.050444
0 0.768801 0.568944 0.067367 0.067306
0 0.814422 0.519597 0.059906 0.057917
0 0.772852 0.652861 0.078312 0.090583
0 0.635223 0.557438 0.058961 0.051931
