0 0.340457 0.421069 0.031586 0.039028
0 0.382117 0.624201 0.050766 0.077236
0 0.239656 0.521167 0.040266 0.063167
0 0.307414 0.529340 0.047016 0.072653
0 0.639145 0.561507 0.038602 0.050625
0 0.985582 0.636264 0.028383 0.087583
0 0.567793 0.448306 0.040148 0.037889
0 0.561352 0.489729 0.044109 0.039653
0 0.595641 0.640340 0.071344 0.095125
0 0.432133 0.898917 0.110594 0.202167
0 0.343617 0.409979 0.026266 0.021153
0 0.344363 0.489285 0.041633 0.045819
0 0.295789 0.464174 0.044609 0.051986
0 0.188980 0.472097 0.020320 0.041417
0 0.662641 0.520201 0.052734 0.044931
0 0.506766 0.462493 0.040359 0.037986
0 0.188730 0.441257 0.032711 0.036125
0 0.858938 0.704097 0.109344 0.081972
0 0.881027 0.942514 0.162945 0.108250
0 0.179563 0.415708 0.019328 0.030833
0 0.186996 0.397646 0.024289 0.029958
0 0.253168 0.401611 0.027758 0.032611
0 0.232102 0.393681 0.019328 0.030833
0 0.830715 0.612056 0.071617 0.062139
0 0.273965 0.839493 0.085648 0.135764
0 0.423809 0.421687 0.037070 0.034153
