0 0.257125 0.942826 0.125203 0.114347
0 0.469012 0.964840 0.105945 0.070319
0 0.654492 0.440840 0.123406 0.080431
0 0.565293 0.478840 0.051898 0.052153
0 0.961648 0.614590 0.074641 0.072819
0 0.258871 0.550833 0.041852 0.067500
0 0.804160 0.506889 0.063258 0.047667
0 0.201172 0.392250 0.016312 0.021639
0 0.220254 0.393437 0.018523 0.025069
0 0.248465 0.401347 0.030148 0.030972
0 0.282480 0.400854 0.027383 0.024097
0 0.709703 0.551840 0.060687 0.062014
0 0.821996 0.559021 0.068773 0.055764
0 0.424316 0.566549 0.052336 0.080403
0 0.301055 0.650069 0.051656 0.093056
0 0.778430 0.655236 0.084578 0.071583
0 0.567648 0.498556 0.055547 0.091250
0 0.682031 0.497563 0.052500 0.052875
0 0.302250 0.419049 0.022125 0.028014
0 0.364617 0.408236 0.024609 0.023111
0 0.344703 0.431340 0.025719 0.027042
0 0.389781 0.429868 0.034016 0.041792
0 0.323660 0.477812 0.047602 0.043681
0 0.275297 0.492146 0.044531 0.047764
0 0.373563 0.508521 0.044531 0.053236
0 0.506758 0.424583 0.103641 0.095528
0 0.626547 0.875868 0.123828 0.190792
0 0.328660 0.539701 0.043039 0.062375
