0 0.990824 0.642319 0.018023 0.057972
0 0.438078 0.582187 0.048578 0.062819
0 0.623305 0.679708 0.078016 0.101861
0 0.292566 0.503799 0.040148 0.049764
0 0.552844 0.472118 0.052297 0.055625
0 0.262273 0.898542 0.121719 0.191667
0 0.778332 0.642958 0.087617 0.117111
0 0.842543 0.615944 0.072773 0.069472
0 0.616543 0.497646 0.051570 0.059653
0 0.285625 0.625569 0.053938 0.103528
0 0.736105 0.518403 0.052773 0.050639
0 0.700043 0.537701 0.057023 0.058625
0 0.476270 0.632667 0.059898 0.081889
0 0.464020 0.449556 0.034430 0.038833
0 0.516777 0.430806 0.046648 0.043444
0 0.661352 0.467986 0.049984 0.045417
0 0.462727 0.519660 0.053313 0.069764
0 0.543988 0.584153 0.058867 0.084250
0 0.328930 0.538875 0.043703 0.064139
0 0.173941 0.376826 0.063680 0.069764
0 0.227625 0.406778 0.024437 0.028306
0 0.231555 0.467972 0.032828 0.034333
0 0.267426 0.413035 0.017398 0.022375
0 0.255953 0.401188 0.025547 0.028958
0 0.299453 0.405132 0.031094 0.025014
0 0.271684 0.434750 0.037023 0.030278
0 0.237254 0.442319 0.034055 0.032250
0 0.274645 0.463382 0.039242 0.037514
0 0.340176 0.417306 0.031836 0.028306
0 0.324074 0.445604 0.044055 0.044097
0 0.373867 0.439028 0.031844 0.037528
0 0.409410 0.448243 0.028883 0.037514
0 0.385715 0.482799 0.041461 0.042125
0 0.378680 0.513069 0.045906 0.057917
