0 0.253168 0.458486 0.033461 0.034833
0 0.243602 0.429799 0.037766 0.037819
0 0.287348 0.403674 0.026289 0.028042
0 0.217551 0.400271 0.013383 0.026347
0 0.200941 0.399639 0.022711 0.024222
0 0.499820 0.556868 0.065250 0.073042
0 0.175844 0.392410 0.023187 0.020819
0 0.532348 0.674667 0.070008 0.105194
0 0.626020 0.499549 0.052102 0.053181
0 0.447813 0.457743 0.046500 0.048264
0 0.440617 0.581764 0.052109 0.067083
0 0.342871 0.543014 0.040086 0.067778
0 0.722699 0.548438 0.064523 0.070153
0 0.595125 0.528715 0.048922 0.060597
0 0.839027 0.618604 0.091758 0.080875
0 0.491508 0.459625 0.038531 0.040222
0 0.351035 0.468153 0.044023 0.060750
0 0.287188 0.591111 0.072031 0.170278
0 0.248148 0.518056 0.042453 0.088889
0 0.831918 0.549028 0.083758 0.078417
0 0.515371 0.439361 0.051633 0.045889
0 0.432672 0.420882 0.035859 0.035264
0 0.363594 0.436604 0.038719 0.037819
0 0.383672 0.425764 0.020562 0.029750
0 0.326066 0.420458 0.030117 0.034417
