0 0.387000 0.636542 0.081375 0.197889
0 0.293238 0.778486 0.072430 0.150000
0 0.737738 0.492535 0.051555 0.051847
0 0.748547 0.577972 0.070609 0.064361
0 0.544289 0.733528 0.073797 0.110306
0 0.301063 0.596229 0.042797 0.074347
0 0.897281 0.460250 0.070922 0.064389
0 0.508844 0.566375 0.054641 0.063167
0 0.328020 0.541375 0.038570 0.062972
0 0.292254 0.506646 0.039008 0.062097
0 0.251699 0.551090 0.041086 0.049458
0 0.322051 0.417250 0.041477 0.034167
0 0.333816 0.486021 0.042555 0.046042
0 0.910535 0.599146 0.082945 0.059208
0 0.920555 0.547146 0.073703 0.051875
0 0.737840 0.798958 0.125898 0.184250
0 0.431496 0.570861 0.031695 0.067778
0 0.432996 0.508410 0.050977 0.066264
0 0.373023 0.473382 0.038125 0.043403
0 0.398629 0.413000 0.042758 0.034528
0 0.262305 0.487437 0.036562 0.041875
0 0.260961 0.453472 0.035531 0.036361
0 0.291551 0.436944 0.042992 0.041500
0 0.260406 0.409062 0.032984 0.029319
0 0.214023 0.403396 0.024281 0.023486
0 0.196879 0.387847 0.023211 0.022861
