0 0.575605 0.480167 0.052039 0.051056
0 0.482926 0.471910 0.041492 0.029542
0 0.591023 0.523118 0.037328 0.045514
0 0.276934 0.604681 0.046836 0.076667
0 0.718422 0.604090 0.064609 0.080347
0 0.528711 0.726479 0.068359 0.103097
0 0.386320 0.626479 0.060344 0.094069
0 0.306184 0.413299 0.020102 0.019597
0 0.848156 0.561826 0.061766 0.079153
0 0.776773 0.561993 0.081766 0.095264
0 0.454445 0.589840 0.055906 0.070347
0 0.480125 0.438285 0.037109 0.030708
0 0.775469 0.421625 0.048000 0.052333
0 0.815098 0.923861 0.154555 0.152278
0 0.171277 0.396535 0.016492 0.018264
0 0.185262 0.388035 0.021508 0.023375
0 0.435363 0.936493 0.127023 0.127014
0 0.454094 0.518271 0.049563 0.058153
0 0.258816 0.550868 0.041633 0.058153
0 0.346051 0.489194 0.043617 0.056389
0 0.374793 0.437646 0.036680 0.032597
0 0.407258 0.432361 0.033203 0.032611
0 0.264262 0.480299 0.047023 0.051986
0 0.249078 0.394833 0.027250 0.024222
0 0.211922 0.401840 0.027984 0.024653
0 0.613719 0.476444 0.036594 0.034639
