0 0.426203 0.434785 0.024469 0.028347
0 0.693453 0.502632 0.035781 0.050653
0 0.369398 0.587653 0.046719 0.076750
0 0.443539 0.502944 0.049437 0.066778
0 0.401004 0.677424 0.060992 0.114903
0 0.657918 0.699174 0.088586 0.113542
0 0.544996 0.502125 0.044727 0.050056
0 0.308668 0.521285 0.039961 0.057486
0 0.650879 0.573160 0.051320 0.038792
0 0.628617 0.510549 0.052250 0.047597
0 0.703902 0.503556 0.056852 0.056694
0 0.920125 0.651618 0.100234 0.102764
0 0.766156 0.642278 0.077375 0.085111
0 0.498109 0.628722 0.066484 0.102194
0 0.597602 0.826569 0.094047 0.139778
0 0.467348 0.447313 0.040352 0.033236
0 0.373508 0.519563 0.046500 0.057403
0 0.346430 0.425076 0.035266 0.023736
0 0.868938 0.932667 0.148250 0.134667
0 0.532730 0.585285 0.053508 0.068403
0 0.664297 0.964514 0.120531 0.070972
0 0.247043 0.917424 0.102867 0.165153
0 0.544293 0.457590 0.048117 0.044736
0 0.466445 0.420479 0.035672 0.023597
0 0.345699 0.401542 0.042586 0.030972
0 0.381402 0.474806 0.042039 0.042778
0 0.330102 0.482667 0.041750 0.038833
0 0.257078 0.479958 0.037922 0.044250
0 0.249887 0.446035 0.037367 0.033431
0 0.200660 0.445549 0.024586 0.037375
0 0.295520 0.416049 0.027898 0.030486
0 0.262734 0.414819 0.022125 0.029000
0 0.238410 0.402278 0.018227 0.024583
0 0.217957 0.404743 0.021570 0.025569
0 0.190152 0.394167 0.016289 0.018194
0 0.174680 0.398597 0.015766 0.018194
