0 0.208672 0.401576 0.026656 0.027653
0 0.409402 0.675194 0.059086 0.113833
0 0.284801 0.690958 0.060633 0.132806
0 0.340656 0.542938 0.051359 0.061986
0 0.850840 0.694007 0.089523 0.083181
0 0.521508 0.653722 0.071312 0.110250
0 0.267227 0.587076 0.047422 0.076542
0 0.700340 0.598917 0.066695 0.071306
0 0.598047 0.463937 0.032984 0.042653
0 0.246949 0.907264 0.098727 0.153556
0 0.877773 0.645674 0.082687 0.071264
0 0.576258 0.483083 0.050875 0.052889
0 0.774734 0.870417 0.118641 0.148306
0 0.456187 0.604014 0.051344 0.077194
0 0.362152 0.438097 0.034133 0.028306
0 0.313437 0.427215 0.029781 0.023347
0 0.676738 0.959271 0.121289 0.081458
0 0.496730 0.549729 0.054414 0.062514
0 0.421090 0.537340 0.059711 0.070764
0 0.442320 0.463028 0.037156 0.040111
0 0.459906 0.444743 0.029859 0.031847
0 0.488320 0.433701 0.042875 0.040069
0 0.236965 0.519056 0.036492 0.057806
0 0.265164 0.483076 0.037156 0.047181
0 0.229996 0.449458 0.039805 0.041278
0 0.241250 0.407167 0.031844 0.032250
0 0.264391 0.386771 0.026281 0.040153
0 0.227551 0.385785 0.023695 0.031597
0 0.311043 0.403771 0.030414 0.028931
0 0.371437 0.407576 0.033844 0.031986
0 0.715336 0.513646 0.055375 0.059792
