0 0.506484 0.443111 0.120437 0.138333
0 0.438086 0.440472 0.032219 0.037889
0 0.429910 0.503028 0.045602 0.053750
0 0.367953 0.508750 0.046594 0.059917
0 0.455797 0.951556 0.122484 0.096889
0 0.207434 0.479972 0.036383 0.053278
0 0.733711 0.622542 0.071016 0.069806
0 0.779766 0.538556 0.044672 0.039944
0 0.743043 0.558694 0.055695 0.054778
0 0.215637 0.396924 0.034289 0.029486
0 0.194758 0.436257 0.027375 0.028514
0 0.222133 0.425187 0.034016 0.031958
0 0.866848 0.720812 0.096039 0.097514
0 0.347277 0.429861 0.034289 0.032444
0 0.620637 0.550562 0.052273 0.055542
0 0.560852 0.510090 0.048672 0.048569
0 0.289469 0.501903 0.037484 0.041806
0 0.396125 0.691528 0.059344 0.093444
0 0.659371 0.514181 0.059820 0.047861
0 0.240484 0.466326 0.041906 0.049708
0 0.502387 0.554028 0.049195 0.056472
0 0.267316 0.539250 0.040164 0.069194
