0 0.502848 0.649896 0.069930 0.107847
0 0.485961 0.466681 0.033984 0.043111
0 0.555629 0.460847 0.035242 0.038972
0 0.282715 0.652715 0.056102 0.099875
0 0.245195 0.468882 0.037844 0.045958
0 0.474445 0.467375 0.056922 0.043306
0 0.825617 0.553174 0.072453 0.071042
0 0.765852 0.602361 0.068687 0.075500
0 0.559059 0.775174 0.082117 0.124764
0 0.835090 0.689382 0.090305 0.084542
0 0.237156 0.933819 0.085750 0.132361
0 0.205434 0.393771 0.038477 0.030597
0 0.272598 0.407792 0.029883 0.028889
0 0.306418 0.403118 0.027727 0.022958
0 0.323152 0.418632 0.031555 0.029319
0 0.435289 0.946785 0.128063 0.106431
0 0.315492 0.477410 0.041125 0.035792
0 0.382426 0.482056 0.041633 0.052861
0 0.262234 0.547701 0.042125 0.062569
0 0.970504 0.713354 0.058992 0.104847
0 0.620270 0.453590 0.047023 0.035681
0 0.634895 0.476528 0.045305 0.036694
0 0.615105 0.502014 0.049320 0.044861
0 0.390066 0.429465 0.034195 0.024819
0 0.349492 0.438153 0.024984 0.019639
0 0.322930 0.529174 0.047531 0.071847
